{
 "cells": [
  {
   "cell_type": "code",
   "execution_count": 32,
   "metadata": {},
   "outputs": [],
   "source": [
    "import cv2 as cv\n",
    "import numpy as np\n",
    "import matplotlib.pyplot as plt"
   ]
  },
  {
   "cell_type": "code",
   "execution_count": 33,
   "metadata": {},
   "outputs": [],
   "source": [
    "# def laplacian_of_gaussian(image, sigma):\n",
    "#     \"\"\"Apply Laplacian of Gaussian (LoG) filter.\"\"\"\n",
    "#     # Create Gaussian kernel\n",
    "#     size = int(2 * np.ceil(3 * sigma) + 1)  # kernel size\n",
    "#     gaussian_kernel = cv.getGaussianKernel(size, sigma)\n",
    "#     gaussian_kernel = gaussian_kernel @ gaussian_kernel.T  # 2D kernel\n",
    "#     log_kernel = cv.Laplacian(gaussian_kernel, cv.CV_64F)\n",
    "#     filtered_image = cv.filter2D(image, cv.CV_64F, log_kernel)\n",
    "#     return filtered_image\n",
    "\n",
    "def laplacian_of_gaussian(sigma: float) -> np.ndarray:\n",
    "\n",
    "    size = int(2 * np.ceil(3 * sigma) + 1)\n",
    "        \n",
    "    # Create a grid of (x, y) coordinates\n",
    "    ax = np.linspace(-(size // 2), size // 2, size)\n",
    "    x, y = np.meshgrid(ax, ax)\n",
    "\n",
    "    # Compute the Laplacian of Gaussian\n",
    "    laplacian = (x**2 + y**2 - 2 * sigma**2) * np.exp(-(x**2 + y**2) / (2 * sigma**2))\n",
    "\n",
    "    # Normalize the LoG kernel\n",
    "    # Plot in 3-D\n",
    "    # fig = plt.figure()\n",
    "    # ax = fig.add_subplot(111, projection='3d')\n",
    "    # ax.plot_surface(x, y, laplacian, cmap='coolwarm')\n",
    "    # ax.set_title('2D Gaussian Kernel')\n",
    "    # ax.set_xlabel('X-axis')\n",
    "    # ax.set_ylabel('Y-axis')\n",
    "    # ax.set_zlabel('G(X,Y)')\n",
    "    # plt.show()\n",
    "    \n",
    "    return laplacian "
   ]
  },
  {
   "cell_type": "code",
   "execution_count": 34,
   "metadata": {},
   "outputs": [
    {
     "name": "stdout",
     "output_type": "stream",
     "text": [
      "[[ 1.77710118e-02  4.03014243e-02  8.17799356e-02  1.48840480e-01\n",
      "   2.43764649e-01  3.60796556e-01  4.85132184e-01  5.95991065e-01\n",
      "   6.72554270e-01  6.99866782e-01  6.72554270e-01  5.95991065e-01\n",
      "   4.85132184e-01  3.60796556e-01  2.43764649e-01  1.48840480e-01\n",
      "   8.17799356e-02  4.03014243e-02  1.77710118e-02]\n",
      " [ 4.03014243e-02  8.97586619e-02  1.78368992e-01  3.17005451e-01\n",
      "   5.05723821e-01  7.28104964e-01  9.52921862e-01  1.14367325e+00\n",
      "   1.27002488e+00  1.31401304e+00  1.27002488e+00  1.14367325e+00\n",
      "   9.52921862e-01  7.28104964e-01  5.05723821e-01  3.17005451e-01\n",
      "   1.78368992e-01  8.97586619e-02  4.03014243e-02]\n",
      " [ 8.17799356e-02  1.78368992e-01  3.45619158e-01  5.95991065e-01\n",
      "   9.17815012e-01  1.27002488e+00  1.59465471e+00  1.84209520e+00\n",
      "   1.98964877e+00  2.03758439e+00  1.98964877e+00  1.84209520e+00\n",
      "   1.59465471e+00  1.27002488e+00  9.17815012e-01  5.95991065e-01\n",
      "   3.45619158e-01  1.78368992e-01  8.17799356e-02]\n",
      " [ 1.48840480e-01  3.17005451e-01  5.95991065e-01  9.89044500e-01\n",
      "   1.45108453e+00  1.89169194e+00  2.21629496e+00  2.38409651e+00\n",
      "   2.43241216e+00  2.43603510e+00  2.43241216e+00  2.38409651e+00\n",
      "   2.21629496e+00  1.89169194e+00  1.45108453e+00  9.89044500e-01\n",
      "   5.95991065e-01  3.17005451e-01  1.48840480e-01]\n",
      " [ 2.43764649e-01  5.05723821e-01  9.17815012e-01  1.45108453e+00\n",
      "   1.98964877e+00  2.35777043e+00  2.41983616e+00  2.19632204e+00\n",
      "   1.88701666e+00  1.74546546e+00  1.88701666e+00  2.19632204e+00\n",
      "   2.41983616e+00  2.35777043e+00  1.98964877e+00  1.45108453e+00\n",
      "   9.17815012e-01  5.05723821e-01  2.43764649e-01]\n",
      " [ 3.60796556e-01  7.28104964e-01  1.27002488e+00  1.89169194e+00\n",
      "   2.35777043e+00  2.36618642e+00  1.74546546e+00  6.58385976e-01\n",
      "  -3.88895564e-01 -8.22224581e-01 -3.88895564e-01  6.58385976e-01\n",
      "   1.74546546e+00  2.36618642e+00  2.35777043e+00  1.89169194e+00\n",
      "   1.27002488e+00  7.28104964e-01  3.60796556e-01]\n",
      " [ 4.85132184e-01  9.52921862e-01  1.59465471e+00  2.21629496e+00\n",
      "   2.41983616e+00  1.74546546e+00  0.00000000e+00 -2.42835893e+00\n",
      "  -4.59002737e+00 -5.45877594e+00 -4.59002737e+00 -2.42835893e+00\n",
      "   0.00000000e+00  1.74546546e+00  2.41983616e+00  2.21629496e+00\n",
      "   1.59465471e+00  9.52921862e-01  4.85132184e-01]\n",
      " [ 5.95991065e-01  1.14367325e+00  1.84209520e+00  2.38409651e+00\n",
      "   2.19632204e+00  6.58385976e-01 -2.42835893e+00 -6.41180388e+00\n",
      "  -9.84704667e+00 -1.12103236e+01 -9.84704667e+00 -6.41180388e+00\n",
      "  -2.42835893e+00  6.58385976e-01  2.19632204e+00  2.38409651e+00\n",
      "   1.84209520e+00  1.14367325e+00  5.95991065e-01]\n",
      " [ 6.72554270e-01  1.27002488e+00  1.98964877e+00  2.43241216e+00\n",
      "   1.88701666e+00 -3.88895564e-01 -4.59002737e+00 -9.84704667e+00\n",
      "  -1.43174291e+01 -1.60813110e+01 -1.43174291e+01 -9.84704667e+00\n",
      "  -4.59002737e+00 -3.88895564e-01  1.88701666e+00  2.43241216e+00\n",
      "   1.98964877e+00  1.27002488e+00  6.72554270e-01]\n",
      " [ 6.99866782e-01  1.31401304e+00  2.03758439e+00  2.43603510e+00\n",
      "   1.74546546e+00 -8.22224581e-01 -5.45877594e+00 -1.12103236e+01\n",
      "  -1.60813110e+01 -1.80000000e+01 -1.60813110e+01 -1.12103236e+01\n",
      "  -5.45877594e+00 -8.22224581e-01  1.74546546e+00  2.43603510e+00\n",
      "   2.03758439e+00  1.31401304e+00  6.99866782e-01]\n",
      " [ 6.72554270e-01  1.27002488e+00  1.98964877e+00  2.43241216e+00\n",
      "   1.88701666e+00 -3.88895564e-01 -4.59002737e+00 -9.84704667e+00\n",
      "  -1.43174291e+01 -1.60813110e+01 -1.43174291e+01 -9.84704667e+00\n",
      "  -4.59002737e+00 -3.88895564e-01  1.88701666e+00  2.43241216e+00\n",
      "   1.98964877e+00  1.27002488e+00  6.72554270e-01]\n",
      " [ 5.95991065e-01  1.14367325e+00  1.84209520e+00  2.38409651e+00\n",
      "   2.19632204e+00  6.58385976e-01 -2.42835893e+00 -6.41180388e+00\n",
      "  -9.84704667e+00 -1.12103236e+01 -9.84704667e+00 -6.41180388e+00\n",
      "  -2.42835893e+00  6.58385976e-01  2.19632204e+00  2.38409651e+00\n",
      "   1.84209520e+00  1.14367325e+00  5.95991065e-01]\n",
      " [ 4.85132184e-01  9.52921862e-01  1.59465471e+00  2.21629496e+00\n",
      "   2.41983616e+00  1.74546546e+00  0.00000000e+00 -2.42835893e+00\n",
      "  -4.59002737e+00 -5.45877594e+00 -4.59002737e+00 -2.42835893e+00\n",
      "   0.00000000e+00  1.74546546e+00  2.41983616e+00  2.21629496e+00\n",
      "   1.59465471e+00  9.52921862e-01  4.85132184e-01]\n",
      " [ 3.60796556e-01  7.28104964e-01  1.27002488e+00  1.89169194e+00\n",
      "   2.35777043e+00  2.36618642e+00  1.74546546e+00  6.58385976e-01\n",
      "  -3.88895564e-01 -8.22224581e-01 -3.88895564e-01  6.58385976e-01\n",
      "   1.74546546e+00  2.36618642e+00  2.35777043e+00  1.89169194e+00\n",
      "   1.27002488e+00  7.28104964e-01  3.60796556e-01]\n",
      " [ 2.43764649e-01  5.05723821e-01  9.17815012e-01  1.45108453e+00\n",
      "   1.98964877e+00  2.35777043e+00  2.41983616e+00  2.19632204e+00\n",
      "   1.88701666e+00  1.74546546e+00  1.88701666e+00  2.19632204e+00\n",
      "   2.41983616e+00  2.35777043e+00  1.98964877e+00  1.45108453e+00\n",
      "   9.17815012e-01  5.05723821e-01  2.43764649e-01]\n",
      " [ 1.48840480e-01  3.17005451e-01  5.95991065e-01  9.89044500e-01\n",
      "   1.45108453e+00  1.89169194e+00  2.21629496e+00  2.38409651e+00\n",
      "   2.43241216e+00  2.43603510e+00  2.43241216e+00  2.38409651e+00\n",
      "   2.21629496e+00  1.89169194e+00  1.45108453e+00  9.89044500e-01\n",
      "   5.95991065e-01  3.17005451e-01  1.48840480e-01]\n",
      " [ 8.17799356e-02  1.78368992e-01  3.45619158e-01  5.95991065e-01\n",
      "   9.17815012e-01  1.27002488e+00  1.59465471e+00  1.84209520e+00\n",
      "   1.98964877e+00  2.03758439e+00  1.98964877e+00  1.84209520e+00\n",
      "   1.59465471e+00  1.27002488e+00  9.17815012e-01  5.95991065e-01\n",
      "   3.45619158e-01  1.78368992e-01  8.17799356e-02]\n",
      " [ 4.03014243e-02  8.97586619e-02  1.78368992e-01  3.17005451e-01\n",
      "   5.05723821e-01  7.28104964e-01  9.52921862e-01  1.14367325e+00\n",
      "   1.27002488e+00  1.31401304e+00  1.27002488e+00  1.14367325e+00\n",
      "   9.52921862e-01  7.28104964e-01  5.05723821e-01  3.17005451e-01\n",
      "   1.78368992e-01  8.97586619e-02  4.03014243e-02]\n",
      " [ 1.77710118e-02  4.03014243e-02  8.17799356e-02  1.48840480e-01\n",
      "   2.43764649e-01  3.60796556e-01  4.85132184e-01  5.95991065e-01\n",
      "   6.72554270e-01  6.99866782e-01  6.72554270e-01  5.95991065e-01\n",
      "   4.85132184e-01  3.60796556e-01  2.43764649e-01  1.48840480e-01\n",
      "   8.17799356e-02  4.03014243e-02  1.77710118e-02]]\n"
     ]
    }
   ],
   "source": [
    "print(laplacian_of_gaussian(3))"
   ]
  },
  {
   "cell_type": "code",
   "execution_count": 41,
   "metadata": {},
   "outputs": [],
   "source": [
    "def find_scale_space_extrema(image, sigmas):\n",
    "    \"\"\"Detect circles by finding extrema in the scale-space.\"\"\"\n",
    "    # Store results\n",
    "    detected_circles = []\n",
    "    \n",
    "    # Loop through different sigma values\n",
    "    for sigma in sigmas:\n",
    "        laplacian_kernel = laplacian_of_gaussian(sigma)\n",
    "\n",
    "        filtered_image = cv.filter2D(image, cv.CV_64F, laplacian_kernel)\n",
    "\n",
    "        # plt.figure(figsize=(10, 5))\n",
    "        # plt.subplot(1, 2, 1)\n",
    "        # plt.title('filtered_image')\n",
    "        # plt.imshow(filtered_image)\n",
    "        # plt.axis('off')\n",
    "\n",
    "\n",
    "        \n",
    "        # Normalize the filtered image\n",
    "        filtered_image = cv.normalize(filtered_image, None, 0, 255, cv.NORM_MINMAX)\n",
    "\n",
    "        # plt.subplot(1, 2, 1)\n",
    "        # plt.title('filtered_image')\n",
    "        # plt.imshow(filtered_image)\n",
    "        # plt.axis('off')\n",
    "        \n",
    "        \n",
    "\n",
    "        # Threshold to find strong responses\n",
    "        # Use Otsu's method to find the optimal threshold\n",
    "        _, thresh_image = cv.threshold(np.uint8(filtered_image), 0, 255, cv.THRESH_BINARY + cv.THRESH_OTSU)\n",
    "\n",
    "\n",
    "        # plt.figure(figsize=(10, 5))\n",
    "        # plt.subplot(1, 2, 1)\n",
    "        # plt.title('thresh_image')\n",
    "        # plt.imshow(thresh_image)\n",
    "        # plt.axis('off')\n",
    "        # plt.show()\n",
    "        \n",
    "        # Find contours in the thresholded image\n",
    "        contours, _ = cv.findContours(thresh_image, cv.RETR_EXTERNAL, cv.CHAIN_APPROX_SIMPLE)\n",
    "\n",
    "\n",
    "        \n",
    "        # Iterate through contours to find circles\n",
    "        for contour in contours:\n",
    "            if len(contour) >= 5:  # Need at least 5 points to fit a circle\n",
    "                (x, y), radius = cv.minEnclosingCircle(contour)\n",
    "                detected_circles.append((int(x), int(y), int(radius), sigma))\n",
    "    print(\"Hello\")            \n",
    "    print(detected_circles)            \n",
    "    \n",
    "    return detected_circles"
   ]
  },
  {
   "cell_type": "code",
   "execution_count": 43,
   "metadata": {},
   "outputs": [
    {
     "name": "stdout",
     "output_type": "stream",
     "text": [
      "Hello\n",
      "[(343, 347, 3, 0.5), (127, 349, 6, 0.5), (352, 350, 10, 0.5), (358, 339, 2, 0.5), (3, 276, 11, 0.5), (9, 263, 1, 0.5), (4, 246, 9, 0.5), (344, 229, 5, 0.5), (324, 223, 6, 0.5), (23, 217, 3, 0.5), (317, 213, 3, 0.5), (305, 214, 4, 0.5), (310, 207, 2, 0.5), (322, 206, 4, 0.5), (315, 204, 3, 0.5), (348, 203, 2, 0.5), (7, 199, 1, 0.5), (333, 194, 1, 0.5), (325, 194, 1, 0.5), (2, 195, 2, 0.5), (21, 191, 2, 0.5), (329, 189, 1, 0.5), (16, 187, 2, 0.5), (346, 184, 1, 0.5), (179, 256, 206, 0.5), (358, 146, 4, 0.5), (39, 28, 2, 0.5), (45, 27, 2, 0.5), (34, 27, 1, 0.5), (29, 27, 2, 0.5), (180, 24, 2, 0.5), (191, 22, 3, 0.5), (194, 16, 2, 0.5), (202, 12, 1, 0.5), (180, 10, 2, 0.5), (337, 357, 1, 0.6), (123, 357, 1, 0.6), (116, 357, 3, 0.6), (340, 356, 2, 0.6), (189, 354, 1, 0.6), (98, 356, 7, 0.6), (3, 356, 2, 0.6), (296, 355, 3, 0.6), (205, 356, 3, 0.6), (192, 356, 3, 0.6), (302, 354, 2, 0.6), (162, 355, 8, 0.6), (88, 352, 1, 0.6), (270, 354, 4, 0.6), (350, 352, 4, 0.6), (198, 350, 3, 0.6), (316, 353, 8, 0.6), (300, 349, 2, 0.6), (114, 349, 2, 0.6), (108, 352, 4, 0.6), (194, 348, 1, 0.6), (64, 353, 8, 0.6), (186, 347, 2, 0.6), (169, 347, 3, 0.6), (75, 346, 2, 0.6), (303, 343, 2, 0.6), (164, 344, 1, 0.6), (77, 351, 8, 0.6), (297, 341, 1, 0.6), (227, 341, 1, 0.6), (180, 349, 8, 0.6), (95, 343, 2, 0.6), (350, 348, 9, 0.6), (86, 343, 3, 0.6), (238, 341, 2, 0.6), (170, 340, 4, 0.6), (147, 338, 2, 0.6), (305, 342, 11, 0.6), (249, 338, 3, 0.6), (72, 338, 3, 0.6), (226, 336, 2, 0.6), (240, 338, 5, 0.6), (355, 334, 2, 0.6), (252, 332, 1, 0.6), (118, 333, 2, 0.6), (250, 344, 19, 0.6), (93, 338, 18, 0.6), (41, 344, 17, 0.6), (344, 336, 7, 0.6), (130, 341, 14, 0.6), (112, 331, 2, 0.6), (57, 336, 8, 0.6), (320, 328, 1, 0.6), (116, 329, 1, 0.6), (36, 328, 1, 0.6), (275, 328, 3, 0.6), (227, 330, 3, 0.6), (142, 328, 1, 0.6), (156, 334, 10, 0.6), (260, 326, 3, 0.6), (23, 340, 20, 0.6), (9, 324, 5, 0.6), (343, 319, 3, 0.6), (195, 329, 10, 0.6), (214, 339, 27, 0.6), (132, 319, 1, 0.6), (176, 326, 11, 0.6), (141, 325, 11, 0.6), (55, 321, 7, 0.6), (345, 315, 2, 0.6), (22, 316, 1, 0.6), (2, 318, 3, 0.6), (287, 332, 19, 0.6), (81, 324, 11, 0.6), (32, 316, 3, 0.6), (338, 323, 10, 0.6), (137, 315, 7, 0.6), (109, 315, 2, 0.6), (129, 312, 1, 0.6), (119, 315, 3, 0.6), (210, 315, 6, 0.6), (103, 313, 3, 0.6), (32, 312, 2, 0.6), (306, 317, 7, 0.6), (301, 312, 2, 0.6), (202, 313, 3, 0.6), (210, 310, 2, 0.6), (80, 311, 5, 0.6), (50, 313, 6, 0.6), (357, 313, 5, 0.6), (273, 316, 9, 0.6), (187, 311, 3, 0.6), (176, 309, 2, 0.6), (36, 310, 2, 0.6), (346, 312, 7, 0.6), (263, 309, 2, 0.6), (338, 307, 2, 0.6), (228, 310, 4, 0.6), (95, 306, 4, 0.6), (22, 309, 7, 0.6), (1, 306, 1, 0.6), (329, 305, 1, 0.6), (324, 305, 1, 0.6), (254, 315, 13, 0.6), (272, 307, 5, 0.6), (240, 306, 3, 0.6), (209, 304, 2, 0.6), (160, 314, 11, 0.6), (40, 306, 3, 0.6), (14, 309, 6, 0.6), (187, 304, 2, 0.6), (117, 304, 2, 0.6), (51, 303, 1, 0.6), (8, 310, 8, 0.6), (341, 302, 1, 0.6), (191, 309, 8, 0.6), (99, 302, 1, 0.6), (282, 300, 1, 0.6), (208, 301, 1, 0.6), (149, 305, 5, 0.6), (356, 303, 4, 0.6), (329, 301, 3, 0.6), (198, 301, 2, 0.6), (24, 300, 1, 0.6), (337, 298, 3, 0.6), (273, 301, 5, 0.6), (205, 300, 2, 0.6), (168, 301, 3, 0.6), (20, 300, 3, 0.6), (12, 302, 4, 0.6), (249, 297, 2, 0.6), (222, 305, 10, 0.6), (35, 301, 15, 0.6), (211, 298, 5, 0.6), (153, 297, 1, 0.6), (77, 300, 4, 0.6), (296, 301, 11, 0.6), (138, 300, 5, 0.6), (84, 299, 6, 0.6), (68, 296, 1, 0.6), (1, 298, 3, 0.6), (266, 302, 8, 0.6), (147, 295, 2, 0.6), (63, 305, 13, 0.6), (46, 294, 4, 0.6), (320, 294, 4, 0.6), (298, 291, 1, 0.6), (261, 292, 2, 0.6), (242, 295, 4, 0.6), (25, 291, 3, 0.6), (9, 295, 6, 0.6), (120, 295, 5, 0.6), (117, 290, 2, 0.6), (53, 289, 1, 0.6), (205, 290, 2, 0.6), (36, 289, 2, 0.6), (323, 315, 32, 0.6), (188, 294, 8, 0.6), (91, 290, 3, 0.6), (213, 288, 4, 0.6), (19, 289, 4, 0.6), (299, 289, 5, 0.6), (301, 285, 1, 0.6), (121, 285, 1, 0.6), (305, 284, 1, 0.6), (285, 287, 4, 0.6), (271, 289, 6, 0.6), (160, 290, 7, 0.6), (107, 286, 3, 0.6), (198, 283, 2, 0.6), (250, 286, 6, 0.6), (277, 282, 2, 0.6), (220, 283, 3, 0.6), (71, 285, 7, 0.6), (136, 285, 6, 0.6), (191, 279, 1, 0.6), (124, 280, 5, 0.6), (115, 280, 2, 0.6), (51, 282, 6, 0.6), (23, 281, 4, 0.6), (284, 278, 2, 0.6), (231, 290, 13, 0.6), (211, 278, 4, 0.6), (350, 289, 13, 0.6), (321, 277, 1, 0.6), (273, 277, 1, 0.6), (195, 278, 2, 0.6), (6, 278, 2, 0.6), (251, 277, 3, 0.6), (186, 280, 6, 0.6), (178, 293, 18, 0.6), (240, 279, 5, 0.6), (231, 274, 2, 0.6), (167, 278, 5, 0.6), (355, 273, 2, 0.6), (327, 273, 1, 0.6), (130, 273, 2, 0.6), (34, 275, 4, 0.6), (333, 284, 14, 0.6), (154, 282, 17, 0.6), (99, 280, 14, 0.6), (201, 272, 5, 0.6), (88, 282, 13, 0.6), (209, 270, 1, 0.6), (60, 276, 7, 0.6), (252, 269, 1, 0.6), (192, 271, 3, 0.6), (144, 269, 2, 0.6), (70, 270, 3, 0.6), (51, 269, 1, 0.6), (74, 270, 3, 0.6), (354, 268, 2, 0.6), (308, 272, 12, 0.6), (4, 276, 10, 0.6), (337, 267, 2, 0.6), (301, 265, 1, 0.6), (243, 270, 10, 0.6), (121, 271, 7, 0.6), (31, 269, 4, 0.6), (22, 270, 7, 0.6), (225, 268, 8, 0.6), (162, 267, 3, 0.6), (357, 266, 3, 0.6), (345, 267, 7, 0.6), (333, 264, 1, 0.6), (205, 262, 3, 0.6), (72, 264, 3, 0.6), (39, 265, 3, 0.6), (9, 263, 1, 0.6), (84, 266, 7, 0.6), (341, 261, 1, 0.6), (81, 261, 2, 0.6), (49, 269, 12, 0.6), (23, 262, 8, 0.6), (305, 258, 1, 0.6), (264, 266, 11, 0.6), (357, 258, 2, 0.6), (175, 258, 2, 0.6), (109, 258, 2, 0.6), (35, 257, 1, 0.6), (313, 255, 2, 0.6), (287, 263, 17, 0.6), (244, 256, 2, 0.6), (208, 255, 6, 0.6), (288, 254, 1, 0.6), (216, 254, 2, 0.6), (194, 256, 5, 0.6), (103, 256, 4, 0.6), (55, 255, 9, 0.6), (33, 256, 3, 0.6), (328, 255, 3, 0.6), (318, 253, 1, 0.6), (177, 260, 10, 0.6), (323, 254, 4, 0.6), (273, 258, 7, 0.6), (229, 255, 10, 0.6), (157, 257, 7, 0.6), (29, 252, 1, 0.6), (216, 250, 2, 0.6), (86, 254, 4, 0.6), (51, 251, 2, 0.6), (248, 252, 3, 0.6), (165, 250, 2, 0.6), (70, 256, 12, 0.6), (262, 250, 2, 0.6), (126, 255, 9, 0.6), (42, 252, 6, 0.6), (331, 248, 1, 0.6), (201, 250, 3, 0.6), (30, 248, 1, 0.6), (296, 249, 6, 0.6), (349, 246, 1, 0.6), (249, 247, 2, 0.6), (140, 254, 13, 0.6), (107, 254, 11, 0.6), (334, 244, 1, 0.6), (267, 246, 4, 0.6), (202, 245, 1, 0.6), (123, 245, 3, 0.6), (88, 244, 1, 0.6), (76, 246, 2, 0.6), (311, 249, 8, 0.6), (37, 247, 4, 0.6), (31, 244, 2, 0.6), (18, 250, 8, 0.6), (168, 245, 3, 0.6), (46, 245, 4, 0.6), (40, 242, 3, 0.6), (257, 241, 3, 0.6), (114, 240, 1, 0.6), (79, 242, 3, 0.6), (264, 239, 3, 0.6), (210, 241, 4, 0.6), (175, 242, 5, 0.6), (128, 240, 3, 0.6), (118, 240, 2, 0.6), (4, 246, 9, 0.6), (247, 244, 8, 0.6), (223, 242, 5, 0.6), (289, 239, 4, 0.6), (276, 243, 10, 0.6), (63, 242, 8, 0.6), (251, 235, 1, 0.6), (175, 235, 1, 0.6), (31, 239, 8, 0.6), (14, 236, 4, 0.6), (325, 235, 6, 0.6), (302, 239, 6, 0.6), (256, 234, 1, 0.6), (96, 237, 5, 0.6), (218, 232, 2, 0.6), (211, 237, 6, 0.6), (202, 237, 5, 0.6), (140, 233, 2, 0.6), (282, 232, 2, 0.6), (271, 234, 3, 0.6), (191, 239, 8, 0.6), (167, 236, 6, 0.6), (132, 234, 3, 0.6), (114, 235, 8, 0.6), (109, 233, 2, 0.6), (291, 232, 2, 0.6), (344, 235, 12, 0.6), (315, 234, 6, 0.6), (275, 230, 1, 0.6), (240, 231, 2, 0.6), (227, 241, 12, 0.6), (212, 231, 2, 0.6), (149, 237, 15, 0.6), (284, 229, 2, 0.6), (245, 229, 2, 0.6), (48, 234, 7, 0.6), (307, 228, 2, 0.6), (236, 228, 1, 0.6), (198, 229, 3, 0.6), (168, 230, 3, 0.6), (127, 230, 4, 0.6), (57, 229, 3, 0.6), (218, 228, 2, 0.6), (213, 227, 2, 0.6), (298, 227, 5, 0.6), (86, 228, 3, 0.6), (6, 232, 9, 0.6), (345, 229, 5, 0.6), (37, 229, 8, 0.6), (0, 226, 2, 0.6), (277, 225, 3, 0.6), (149, 228, 6, 0.6), (105, 227, 5, 0.6), (191, 225, 3, 0.6), (170, 223, 1, 0.6), (26, 230, 8, 0.6), (196, 222, 1, 0.6), (53, 222, 5, 0.6), (337, 222, 3, 0.6), (202, 222, 3, 0.6), (132, 225, 7, 0.6), (181, 225, 8, 0.6), (138, 220, 2, 0.6), (324, 223, 5, 0.6), (169, 219, 1, 0.6), (118, 222, 5, 0.6), (96, 218, 1, 0.6), (10, 226, 9, 0.6), (194, 217, 2, 0.6), (177, 220, 3, 0.6), (132, 218, 2, 0.6), (72, 220, 4, 0.6), (6, 220, 6, 0.6), (354, 223, 7, 0.6), (288, 218, 2, 0.6), (211, 218, 2, 0.6), (83, 224, 20, 0.6), (253, 219, 5, 0.6), (162, 221, 6, 0.6), (32, 218, 4, 0.6), (22, 217, 2, 0.6), (223, 217, 4, 0.6), (169, 215, 3, 0.6), (101, 215, 1, 0.6), (56, 218, 4, 0.6), (44, 218, 7, 0.6), (358, 215, 2, 0.6), (330, 215, 4, 0.6), (256, 221, 23, 0.6), (233, 215, 5, 0.6), (63, 218, 7, 0.6), (35, 214, 3, 0.6), (297, 225, 19, 0.6), (281, 214, 4, 0.6), (136, 214, 5, 0.6), (90, 213, 3, 0.6), (40, 213, 2, 0.6), (28, 211, 3, 0.6), (5, 213, 4, 0.6), (335, 211, 1, 0.6), (317, 213, 3, 0.6), (305, 214, 4, 0.6), (166, 211, 2, 0.6), (155, 214, 4, 0.6), (116, 212, 3, 0.6), (72, 212, 2, 0.6), (347, 214, 12, 0.6), (288, 211, 2, 0.6), (188, 215, 6, 0.6), (125, 212, 4, 0.6), (99, 212, 4, 0.6), (277, 209, 1, 0.6), (176, 211, 3, 0.6), (146, 213, 6, 0.6), (105, 210, 2, 0.6), (56, 211, 3, 0.6), (269, 211, 4, 0.6), (259, 208, 2, 0.6), (239, 209, 4, 0.6), (143, 209, 2, 0.6), (139, 208, 1, 0.6), (48, 209, 3, 0.6), (12, 207, 2, 0.6), (310, 207, 2, 0.6), (245, 209, 4, 0.6), (223, 207, 2, 0.6), (198, 212, 7, 0.6), (130, 207, 3, 0.6), (121, 206, 1, 0.6), (25, 210, 11, 0.6), (340, 205, 2, 0.6), (322, 207, 4, 0.6), (249, 206, 3, 0.6), (125, 205, 1, 0.6), (35, 205, 1, 0.6), (15, 206, 2, 0.6), (314, 205, 2, 0.6), (292, 205, 2, 0.6), (136, 204, 1, 0.6), (41, 206, 3, 0.6), (351, 205, 8, 0.6), (286, 204, 2, 0.6), (277, 204, 3, 0.6), (111, 204, 2, 0.6), (64, 205, 5, 0.6), (8, 203, 5, 0.6), (348, 203, 2, 0.6), (167, 203, 2, 0.6), (160, 204, 4, 0.6), (217, 211, 17, 0.6), (205, 201, 1, 0.6), (189, 204, 7, 0.6), (353, 200, 2, 0.6), (181, 201, 2, 0.6), (76, 202, 4, 0.6), (38, 200, 2, 0.6), (26, 201, 3, 0.6), (20, 201, 2, 0.6), (258, 201, 5, 0.6), (243, 201, 3, 0.6), (170, 204, 6, 0.6), (7, 199, 1, 0.6), (2, 199, 2, 0.6), (249, 199, 2, 0.6), (83, 200, 4, 0.6), (301, 198, 2, 0.6), (277, 197, 2, 0.6), (215, 197, 1, 0.6), (207, 197, 1, 0.6), (310, 198, 4, 0.6), (299, 201, 11, 0.6), (318, 197, 3, 0.6), (254, 196, 3, 0.6), (209, 195, 1, 0.6), (186, 198, 4, 0.6), (175, 196, 2, 0.6), (58, 195, 1, 0.6), (45, 194, 1, 0.6), (351, 194, 2, 0.6), (333, 194, 1, 0.6), (331, 200, 10, 0.6), (325, 194, 1, 0.6), (289, 194, 3, 0.6), (269, 194, 1, 0.6), (237, 198, 6, 0.6), (223, 195, 2, 0.6), (167, 195, 2, 0.6), (81, 194, 2, 0.6), (28, 194, 1, 0.6), (4, 194, 1, 0.6), (253, 192, 1, 0.6), (131, 194, 2, 0.6), (309, 194, 3, 0.6), (300, 192, 3, 0.6), (161, 194, 4, 0.6), (60, 198, 12, 0.6), (62, 193, 2, 0.6), (48, 195, 7, 0.6), (230, 191, 1, 0.6), (196, 191, 2, 0.6), (171, 191, 1, 0.6), (15, 191, 1, 0.6), (306, 190, 1, 0.6), (284, 190, 1, 0.6), (225, 194, 5, 0.6), (139, 190, 1, 0.6), (30, 192, 20, 0.6), (21, 191, 2, 0.6), (330, 189, 1, 0.6), (264, 192, 7, 0.6), (233, 189, 1, 0.6), (135, 190, 2, 0.6), (122, 188, 3, 0.6), (89, 191, 5, 0.6), (64, 189, 1, 0.6), (32, 189, 1, 0.6), (10, 190, 2, 0.6), (357, 191, 4, 0.6), (297, 189, 3, 0.6), (48, 187, 1, 0.6), (351, 188, 3, 0.6), (325, 188, 2, 0.6), (269, 186, 2, 0.6), (264, 187, 1, 0.6), (114, 200, 22, 0.6), (16, 187, 2, 0.6), (4, 189, 4, 0.6), (2, 186, 1, 0.6), (224, 185, 1, 0.6), (128, 186, 2, 0.6), (78, 189, 6, 0.6), (354, 187, 3, 0.6), (278, 192, 10, 0.6), (145, 185, 5, 0.6), (90, 185, 1, 0.6), (43, 186, 2, 0.6), (37, 186, 2, 0.6), (357, 183, 2, 0.6), (346, 184, 1, 0.6), (304, 185, 2, 0.6), (235, 184, 4, 0.6), (192, 189, 7, 0.6), (175, 189, 6, 0.6), (125, 184, 1, 0.6), (118, 184, 1, 0.6), (61, 186, 7, 0.6), (51, 184, 2, 0.6), (339, 187, 11, 0.6), (318, 184, 2, 0.6), (247, 187, 10, 0.6), (208, 192, 14, 0.6), (201, 184, 2, 0.6), (181, 188, 6, 0.6), (96, 199, 23, 0.6), (243, 182, 1, 0.6), (214, 183, 2, 0.6), (210, 182, 2, 0.6), (184, 182, 1, 0.6), (135, 183, 3, 0.6), (78, 182, 1, 0.6), (148, 181, 4, 0.6), (140, 181, 5, 0.6), (2, 181, 2, 0.6), (228, 178, 15, 0.6), (197, 178, 15, 0.6), (302, 179, 57, 0.6), (30, 179, 26, 0.6), (255, 174, 2, 0.6), (302, 172, 2, 0.6), (220, 172, 1, 0.6), (72, 174, 16, 0.6), (351, 172, 4, 0.6), (263, 170, 1, 0.6), (302, 168, 1, 0.6), (55, 168, 1, 0.6), (352, 166, 2, 0.6), (333, 162, 1, 0.6), (326, 163, 3, 0.6), (339, 163, 2, 0.6), (357, 159, 3, 0.6), (186, 167, 99, 0.6), (354, 158, 3, 0.6), (49, 166, 11, 0.6), (336, 155, 1, 0.6), (203, 151, 4, 0.6), (353, 151, 1, 0.6), (339, 151, 1, 0.6), (317, 161, 35, 0.6), (358, 146, 4, 0.6), (192, 23, 1, 0.6)]\n",
      "Parameters of the largest circles (x, y, radius, sigma):\n",
      "(179, 256, 206, 0.5)\n",
      "(186, 167, 99, 0.6)\n",
      "(302, 179, 57, 0.6)\n",
      "(317, 161, 35, 0.6)\n",
      "(323, 315, 32, 0.6)\n"
     ]
    },
    {
     "data": {
